**NODES
52.17119 9.40902 0.00000
49.96022 5.57951 0.00000
47.74925 1.75000 0.00000
52.17119 1.75000 0.00000
56.59312 1.75000 0.00000
54.38216 5.57951 0.00000
34.23404 36.97706 0.00000
29.81211 36.97706 0.00000
25.39017 36.97706 0.00000
27.60114 33.14755 0.00000
29.81211 29.31804 0.00000
32.02308 33.14755 0.00000
47.74925 27.56804 0.00000
52.17119 27.56804 0.00000
56.59312 27.56804 0.00000
54.38216 31.39755 0.00000
52.17119 35.22706 0.00000
49.96022 31.39755 0.00000
37.26513 9.40902 0.00000
35.05416 5.57951 0.00000
32.84320 1.75000 0.00000
37.26513 1.75000 0.00000
41.68707 1.75000 0.00000
39.47610 5.57951 0.00000
10.48412 14.65902 0.00000
14.90605 14.65902 0.00000
19.32799 14.65902 0.00000
17.11702 18.48853 0.00000
14.90605 22.31804 0.00000
12.69508 18.48853 0.00000
44.71816 48.13608 0.00000
42.50719 44.30657 0.00000
40.29622 40.47706 0.00000
44.71816 40.47706 0.00000
49.14010 40.47706 0.00000
46.92913 44.30657 0.00000
10.48412 40.47706 0.00000
14.90605 40.47706 0.00000
19.32799 40.47706 0.00000
17.11702 44.30657 0.00000
14.90605 48.13608 0.00000
12.69508 44.30657 0.00000
19.32799 11.15902 0.00000
14.90605 11.15902 0.00000
10.48412 11.15902 0.00000
12.69508 7.32951 0.00000
14.90605 3.50000 0.00000
17.11702 7.32951 0.00000
55.20228 11.15902 0.00000
57.41324 7.32951 0.00000
59.62421 3.50000 0.00000
61.83518 7.32951 0.00000
64.04615 11.15902 0.00000
59.62421 11.15902 0.00000
44.71816 29.31804 0.00000
46.92913 33.14755 0.00000
49.14010 36.97706 0.00000
44.71816 36.97706 0.00000
40.29622 36.97706 0.00000
42.50719 33.14755 0.00000
22.35908 9.40902 0.00000
20.14811 5.57951 0.00000
17.93714 1.75000 0.00000
22.35908 1.75000 0.00000
26.78102 1.75000 0.00000
24.57005 5.57951 0.00000
7.45303 42.22706 0.00000
9.66400 46.05657 0.00000
11.87496 49.88608 0.00000
7.45303 49.88608 0.00000
3.03109 49.88608 0.00000
5.24206 46.05657 0.00000
17.93714 49.88608 0.00000
20.14811 46.05657 0.00000
22.35908 42.22706 0.00000
24.57005 46.05657 0.00000
26.78102 49.88608 0.00000
22.35908 49.88608 0.00000
3.03109 24.06804 0.00000
5.24206 20.23853 0.00000
7.45303 16.40902 0.00000
9.66400 20.23853 0.00000
11.87496 24.06804 0.00000
7.45303 24.06804 0.00000
3.03109 1.75000 0.00000
7.45303 1.75000 0.00000
11.87496 1.75000 0.00000
9.66400 5.57951 0.00000
7.45303 9.40902 0.00000
5.24206 5.57951 0.00000
10.48412 36.97706 0.00000
12.69508 33.14755 0.00000
14.90605 29.31804 0.00000
17.11702 33.14755 0.00000
19.32799 36.97706 0.00000
14.90605 36.97706 0.00000
7.45303 35.22706 0.00000
5.24206 31.39755 0.00000
3.03109 27.56804 0.00000
7.45303 27.56804 0.00000
11.87496 27.56804 0.00000
9.66400 31.39755 0.00000
37.26513 35.22706 0.00000
35.05416 31.39755 0.00000
32.84320 27.56804 0.00000
37.26513 27.56804 0.00000
41.68707 27.56804 0.00000
39.47610 31.39755 0.00000
22.35908 35.22706 0.00000
20.14811 31.39755 0.00000
17.93714 27.56804 0.00000
22.35908 27.56804 0.00000
26.78102 27.56804 0.00000
24.57005 31.39755 0.00000
56.59312 49.88608 0.00000
52.17119 49.88608 0.00000
47.74925 49.88608 0.00000
49.96022 46.05657 0.00000
52.17119 42.22706 0.00000
54.38216 46.05657 0.00000
29.81211 48.13608 0.00000
27.60114 44.30657 0.00000
25.39017 40.47706 0.00000
29.81211 40.47706 0.00000
34.23404 40.47706 0.00000
32.02308 44.30657 0.00000
55.20228 36.97706 0.00000
57.41324 33.14755 0.00000
59.62421 29.31804 0.00000
61.83518 33.14755 0.00000
64.04615 36.97706 0.00000
59.62421 36.97706 0.00000
41.68707 49.88608 0.00000
37.26513 49.88608 0.00000
32.84320 49.88608 0.00000
35.05416 46.05657 0.00000
37.26513 42.22706 0.00000
39.47610 46.05657 0.00000
55.20228 40.47706 0.00000
59.62421 40.47706 0.00000
64.04615 40.47706 0.00000
61.83518 44.30657 0.00000
59.62421 48.13608 0.00000
57.41324 44.30657 0.00000
44.71816 3.50000 0.00000
46.92913 7.32951 0.00000
49.14010 11.15902 0.00000
44.71816 11.15902 0.00000
40.29622 11.15902 0.00000
42.50719 7.32951 0.00000
64.04615 14.65902 0.00000
61.83518 18.48853 0.00000
59.62421 22.31804 0.00000
57.41324 18.48853 0.00000
55.20228 14.65902 0.00000
59.62421 14.65902 0.00000
44.71816 22.31804 0.00000
42.50719 18.48853 0.00000
40.29622 14.65902 0.00000
44.71816 14.65902 0.00000
49.14010 14.65902 0.00000
46.92913 18.48853 0.00000
26.78102 24.06804 0.00000
22.35908 24.06804 0.00000
17.93714 24.06804 0.00000
20.14811 20.23853 0.00000
22.35908 16.40902 0.00000
24.57005 20.23853 0.00000
37.26513 16.40902 0.00000
39.47610 20.23853 0.00000
41.68707 24.06804 0.00000
37.26513 24.06804 0.00000
32.84320 24.06804 0.00000
35.05416 20.23853 0.00000
52.17119 16.40902 0.00000
54.38216 20.23853 0.00000
56.59312 24.06804 0.00000
52.17119 24.06804 0.00000
47.74925 24.06804 0.00000
49.96022 20.23853 0.00000
34.23404 11.15902 0.00000
29.81211 11.15902 0.00000
25.39017 11.15902 0.00000
27.60114 7.32951 0.00000
29.81211 3.50000 0.00000
32.02308 7.32951 0.00000
34.23404 14.65902 0.00000
32.02308 18.48853 0.00000
29.81211 22.31804 0.00000
27.60114 18.48853 0.00000
25.39017 14.65902 0.00000
29.81211 14.65902 0.00000
52.17119 12.90902 0.00000
53.92119 9.87793 0.00000
59.62421 0.00000 0.00000
57.87421 3.03109 0.00000
50.42119 9.87793 0.00000
44.71816 0.00000 0.00000
46.46816 3.03109 0.00000
37.26513 38.72706 0.00000
35.51513 35.69597 0.00000
29.81211 25.81804 0.00000
31.56211 28.84913 0.00000
22.35908 38.72706 0.00000
24.10908 35.69597 0.00000
28.06211 28.84913 0.00000
33.76513 38.72706 0.00000
25.85908 38.72706 0.00000
44.71816 25.81804 0.00000
46.46816 28.84913 0.00000
52.17119 38.72706 0.00000
50.42119 35.69597 0.00000
59.62421 25.81804 0.00000
57.87421 28.84913 0.00000
53.92119 35.69597 0.00000
48.21816 25.81804 0.00000
56.12421 25.81804 0.00000
37.26513 12.90902 0.00000
39.01513 9.87793 0.00000
42.96816 3.03109 0.00000
35.51513 9.87793 0.00000
29.81211 0.00000 0.00000
31.56211 3.03109 0.00000
7.45303 12.90902 0.00000
10.95303 12.90902 0.00000
22.35908 12.90902 0.00000
18.85908 12.90902 0.00000
9.20303 15.94011 0.00000
14.90605 25.81804 0.00000
13.15605 22.78695 0.00000
20.60908 15.94011 0.00000
16.65605 22.78695 0.00000
40.76513 38.72706 0.00000
48.67119 38.72706 0.00000
44.71816 51.63608 0.00000
46.46816 48.60499 0.00000
50.42119 41.75815 0.00000
42.96816 48.60499 0.00000
39.01513 41.75815 0.00000
7.45303 38.72706 0.00000
9.20303 41.75815 0.00000
14.90605 51.63608 0.00000
13.15605 48.60499 0.00000
20.60908 41.75815 0.00000
16.65605 48.60499 0.00000
10.95303 38.72706 0.00000
18.85908 38.72706 0.00000
20.60908 9.87793 0.00000
14.90605 0.00000 0.00000
16.65605 3.03109 0.00000
9.20303 9.87793 0.00000
13.15605 3.03109 0.00000
55.67119 12.90902 0.00000
67.07724 12.90902 0.00000
63.57724 12.90902 0.00000
42.96816 28.84913 0.00000
39.01513 35.69597 0.00000
24.10908 9.87793 0.00000
28.06211 3.03109 0.00000
24.10908 41.75815 0.00000
29.81211 51.63608 0.00000
28.06211 48.60499 0.00000
0.00000 25.81804 0.00000
3.50000 25.81804 0.00000
11.40605 25.81804 0.00000
9.20303 35.69597 0.00000
13.15605 28.84913 0.00000
16.65605 28.84913 0.00000
20.60908 35.69597 0.00000
33.31211 25.81804 0.00000
41.21816 25.81804 0.00000
18.40605 25.81804 0.00000
26.31211 25.81804 0.00000
59.62421 51.63608 0.00000
57.87421 48.60499 0.00000
53.92119 41.75815 0.00000
31.56211 48.60499 0.00000
35.51513 41.75815 0.00000
55.67119 38.72706 0.00000
67.07724 38.72706 0.00000
63.57724 38.72706 0.00000
48.67119 12.90902 0.00000
40.76513 12.90902 0.00000
57.87421 22.78695 0.00000
53.92119 15.94011 0.00000
42.96816 22.78695 0.00000
39.01513 15.94011 0.00000
46.46816 22.78695 0.00000
50.42119 15.94011 0.00000
28.06211 22.78695 0.00000
24.10908 15.94011 0.00000
35.51513 15.94011 0.00000
31.56211 22.78695 0.00000
33.76513 12.90902 0.00000
25.85908 12.90902 0.00000
47.74925 -1.75000 0.00000
48.21816 0.00000 0.00000
56.12421 0.00000 0.00000
56.59312 -1.75000 0.00000
52.17119 -1.75000 0.00000
32.84320 -1.75000 0.00000
33.31211 0.00000 0.00000
41.21816 0.00000 0.00000
41.68707 -1.75000 0.00000
37.26513 -1.75000 0.00000
17.93714 -1.75000 0.00000
18.40605 0.00000 0.00000
26.31211 0.00000 0.00000
26.78102 -1.75000 0.00000
22.35908 -1.75000 0.00000
5.70303 41.75815 0.00000
4.42194 40.47706 0.00000
0.00000 51.63608 0.00000
-0.00000 48.13608 0.00000
1.75000 48.60499 0.00000
2.21097 44.30657 0.00000
-0.00000 22.31804 0.00000
1.75000 22.78695 0.00000
5.70303 15.94011 0.00000
4.42194 14.65902 0.00000
2.21097 18.48853 0.00000
0.00000 0.00000 0.00000
3.03109 -1.75000 0.00000
3.50000 0.00000 0.00000
11.40605 0.00000 0.00000
11.87496 -1.75000 0.00000
7.45303 -1.75000 0.00000
1.75000 3.03109 0.00000
-0.00000 3.50000 0.00000
4.42194 11.15902 0.00000
5.70303 9.87793 0.00000
2.21097 7.32951 0.00000
4.42194 36.97706 0.00000
5.70303 35.69597 0.00000
1.75000 28.84913 0.00000
-0.00000 29.31804 0.00000
2.21097 33.14755 0.00000
**CONNECTIVITY
1 2 3 4 5 6
7 8 9 10 11 12
13 14 15 16 17 18
19 20 21 22 23 24
25 26 27 28 29 30
31 32 33 34 35 36
37 38 39 40 41 42
43 44 45 46 47 48
49 50 51 52 53 54
55 56 57 58 59 60
61 62 63 64 65 66
67 68 69 70 71 72
73 74 75 76 77 78
79 80 81 82 83 84
85 86 87 88 89 90
91 92 93 94 95 96
97 98 99 100 101 102
103 104 105 106 107 108
109 110 111 112 113 114
115 116 117 118 119 120
121 122 123 124 125 126
127 128 129 130 131 132
133 134 135 136 137 138
139 140 141 142 143 144
145 146 147 148 149 150
151 152 153 154 155 156
157 158 159 160 161 162
163 164 165 166 167 168
169 170 171 172 173 174
175 176 177 178 179 180
181 182 183 184 185 186
187 188 189 190 191 192
193 1 194 49
195 51 196 5
49 194 1 6 5 196 51 50
193 147 197 1
198 3 199 145
1 197 147 146 145 199 3 2
200 7 201 103
202 105 203 11
103 201 7 12 11 203 105 104
204 109 205 9
202 11 206 113
9 205 109 114 113 206 11 10
200 125 207 7
204 9 208 123
7 207 125 124 123 208 9 8
209 13 210 55
211 57 212 17
55 210 13 18 17 212 57 56
213 129 214 15
211 17 215 127
15 214 129 128 127 215 17 16
209 179 216 13
213 15 217 177
13 216 179 178 177 217 15 14
218 19 219 149
198 145 220 23
149 219 19 24 23 220 145 150
218 181 221 19
222 21 223 185
19 221 181 186 185 223 21 20
224 45 225 25
226 27 227 43
25 225 45 44 43 227 27 26
224 25 228 81
229 83 230 29
81 228 25 30 29 230 83 82
226 167 231 27
229 29 232 165
27 231 167 166 165 232 29 28
200 59 233 33
211 35 234 57
33 233 59 58 57 234 35 34
235 31 236 117
211 119 237 35
117 236 31 36 35 237 119 118
235 133 238 31
200 33 239 137
31 238 133 138 137 239 33 32
240 37 241 67
242 69 243 41
67 241 37 42 41 243 69 68
204 75 244 39
242 41 245 73
39 244 75 74 73 245 41 40
240 91 246 37
204 39 247 95
37 246 91 96 95 247 39 38
226 43 248 61
249 63 250 47
61 248 43 48 47 250 63 62
224 89 251 45
249 47 252 87
45 251 89 88 87 252 47 46
193 49 253 155
254 151 255 53
155 253 49 54 53 255 151 156
209 55 256 107
200 103 257 59
107 256 55 60 59 257 103 108
226 61 258 183
222 185 259 65
183 258 61 66 65 259 185 184
204 123 260 75
261 77 262 121
75 260 123 122 121 262 77 76
263 79 264 99
229 101 265 83
99 264 79 84 83 265 101 100
240 97 266 91
229 93 267 101
91 266 97 102 101 267 93 92
229 111 268 93
204 95 269 109
93 268 111 110 109 269 95 94
202 173 270 105
209 107 271 171
105 270 173 172 171 271 107 106
229 165 272 111
202 113 273 163
111 272 165 164 163 273 113 112
274 115 275 143
211 139 276 119
143 275 115 120 119 276 139 144
261 121 277 135
200 137 278 125
135 277 121 126 125 278 137 136
211 127 279 139
280 141 281 131
139 279 127 132 131 281 141 140
193 161 282 147
218 149 283 159
147 282 161 160 159 283 149 148
213 177 284 153
193 155 285 175
153 284 177 176 175 285 155 154
209 171 286 157
218 159 287 169
157 286 171 170 169 287 159 158
209 157 288 179
193 175 289 161
179 288 157 162 161 289 175 180
202 163 290 189
226 191 291 167
189 290 163 168 167 291 191 190
218 169 292 187
202 189 293 173
187 292 169 174 173 293 189 188
218 187 294 181
226 183 295 191
181 294 187 192 191 295 183 182
198 296 297 3
195 5 298 299
3 297 296 300 299 298 5 4
222 301 302 21
198 23 303 304
21 302 301 305 304 303 23 22
249 306 307 63
222 65 308 309
63 307 306 310 309 308 65 64
240 67 311 312
313 314 315 71
312 311 67 72 71 315 314 316
263 317 318 79
224 81 319 320
320 319 81 80 79 318 317 321
322 323 324 85
249 87 325 326
326 325 87 86 85 324 323 327
322 85 328 329
224 330 331 89
329 328 85 90 89 331 330 332
240 333 334 97
263 99 335 336
336 335 99 98 97 334 333 337
**NUMBER OF ELEMENTS
176
**FIBER ELEMENTS 4NT
33
34
36
37
39
40
42
43
45
46
48
49
51
52
54
55
57
58
60
61
63
64
66
67
69
70
72
73
75
76
78
79
81
82
84
85
87
88
90
91
93
94
96
97
99
100
102
103
105
106
108
109
111
112
114
115
117
118
120
121
123
124
126
127
129
130
132
133
135
136
138
139
141
142
144
145
147
148
150
151
153
154
156
157
159
160
162
163
165
166
168
169
171
172
174
175
**MATRIX ELEMENTS 6NT
1
2
3
4
5
6
7
8
9
10
11
12
13
14
15
16
17
18
19
20
21
22
23
24
25
26
27
28
29
30
31
32
**MATRIX ELEMENTS 8NQ
35
38
41
44
47
50
53
56
59
62
65
68
71
74
77
80
83
86
89
92
95
98
101
104
107
110
113
116
119
122
125
128
131
134
137
140
143
146
149
152
155
158
161
164
167
170
173
176
**RIGHT EDGE
51
52
53
129
130
131
141
142
143
151
152
153
195
213
254
274
280
**TOP EDGE
69
70
71
73
77
78
115
116
117
133
134
135
235
242
261
274
313
**PERIODIC NODE PAIRS
198 235
249 242
222 261
195 274
332 52
330 53
337 130
333 131
312 141
316 142
320 151
321 152
224 254
240 280
195 313
213 263
143 314
153 317
195 322
51 329
129 336
117 296
115 299
116 300
135 301
133 304
134 305
73 306
77 309
78 310
71 323
69 326
70 327
274 313
322 313
322 274
**PINNED NODES
322
**RVE LENGTH
59.62421 51.63608
**END