Step|Attempts|NR_Iter|      E11     |     E22     |     E33     |     E12     |     E13     |     E23     |     S11     |     S22     |     S33     |     S12     |     S13     |     S23     |     C11     |     C12     |     C13     |     C14     |     C15     |     C16     |     C22     |     C23     |     C24     |     C25     |     C26     |     C33     |     C34     |     C35     |     C36     |     C44     |     C45     |     C46     |     C55     |     C56     |     C66     |
1       0        1      0.00000E00    2.50000E-04   0.00000E00    0.00000E00    0.00000E00    0.00000E00    0.00000E00    1.64394E00    1.10033E00    0.00000E00    0.00000E00    1.00871E-08   0.00000E00    0.00000E00    0.00000E00    0.00000E00    0.00000E00    0.00000E00    6.57577E03    3.46876E03    0.00000E00    0.00000E00    3.92216E-04   8.76786E03    0.00000E00    0.00000E00    1.10420E-03   0.00000E00    0.00000E00    0.00000E00    0.00000E00    0.00000E00    1.98956E03    
2       0        1      0.00000E00    5.00000E-04   0.00000E00    0.00000E00    0.00000E00    0.00000E00    0.00000E00    3.28789E00    2.20066E00    0.00000E00    0.00000E00    2.01743E-08   0.00000E00    0.00000E00    0.00000E00    0.00000E00    0.00000E00    0.00000E00    6.57577E03    3.46876E03    0.00000E00    0.00000E00    4.72408E-04   8.76786E03    0.00000E00    0.00000E00    -2.00827E-03   0.00000E00    0.00000E00    0.00000E00    0.00000E00    0.00000E00    1.98956E03    
3       0        1      0.00000E00    7.50000E-04   0.00000E00    0.00000E00    0.00000E00    0.00000E00    0.00000E00    4.93183E00    3.30099E00    0.00000E00    0.00000E00    2.84917E-08   0.00000E00    0.00000E00    0.00000E00    0.00000E00    0.00000E00    0.00000E00    6.57578E03    3.46876E03    0.00000E00    0.00000E00    1.03834E-03   8.76786E03    0.00000E00    0.00000E00    -3.04959E-04   0.00000E00    0.00000E00    0.00000E00    0.00000E00    0.00000E00    1.98956E03    
4       0        1      0.00000E00    1.00000E-03   0.00000E00    0.00000E00    0.00000E00    0.00000E00    0.00000E00    6.57578E00    4.40132E00    0.00000E00    0.00000E00    4.03486E-08   0.00000E00    0.00000E00    0.00000E00    0.00000E00    0.00000E00    0.00000E00    6.57577E03    3.46876E03    0.00000E00    0.00000E00    -1.00160E-03   8.76786E03    0.00000E00    0.00000E00    -2.29415E-03   0.00000E00    0.00000E00    0.00000E00    0.00000E00    0.00000E00    1.98956E03    
5       0        1      0.00000E00    1.25000E-03   0.00000E00    0.00000E00    0.00000E00    0.00000E00    0.00000E00    8.21972E00    5.50165E00    0.00000E00    0.00000E00    1.10675E-07   0.00000E00    0.00000E00    0.00000E00    0.00000E00    0.00000E00    0.00000E00    6.57578E03    3.46876E03    0.00000E00    0.00000E00    2.89087E-03   8.76787E03    0.00000E00    0.00000E00    -1.28588E-03   0.00000E00    0.00000E00    0.00000E00    0.00000E00    0.00000E00    1.98956E03    
6       0        1      0.00000E00    1.50000E-03   0.00000E00    0.00000E00    0.00000E00    0.00000E00    0.00000E00    9.86366E00    6.60198E00    0.00000E00    0.00000E00    5.69835E-08   0.00000E00    0.00000E00    0.00000E00    0.00000E00    0.00000E00    0.00000E00    6.57578E03    3.46876E03    0.00000E00    0.00000E00    -3.30827E-03   8.76787E03    0.00000E00    0.00000E00    -5.11060E-04   0.00000E00    0.00000E00    0.00000E00    0.00000E00    0.00000E00    1.98956E03    
7       0        1      0.00000E00    1.75000E-03   0.00000E00    0.00000E00    0.00000E00    0.00000E00    0.00000E00    1.15076E01    7.70232E00    0.00000E00    0.00000E00    1.87794E-08   0.00000E00    0.00000E00    0.00000E00    0.00000E00    0.00000E00    0.00000E00    6.57577E03    3.46876E03    0.00000E00    0.00000E00    1.23058E-04   8.76786E03    0.00000E00    0.00000E00    -2.16758E-05   0.00000E00    0.00000E00    0.00000E00    0.00000E00    0.00000E00    1.98956E03    
8       0        1      0.00000E00    2.00000E-03   0.00000E00    0.00000E00    0.00000E00    0.00000E00    0.00000E00    1.31516E01    8.80265E00    0.00000E00    0.00000E00    8.06971E-08   0.00000E00    0.00000E00    0.00000E00    0.00000E00    0.00000E00    0.00000E00    6.57577E03    3.46876E03    0.00000E00    0.00000E00    1.31712E-03   8.76787E03    0.00000E00    0.00000E00    -5.83456E-04   0.00000E00    0.00000E00    0.00000E00    0.00000E00    0.00000E00    1.98956E03    
9       0        1      0.00000E00    2.25000E-03   0.00000E00    0.00000E00    0.00000E00    0.00000E00    0.00000E00    1.47955E01    9.90298E00    0.00000E00    0.00000E00    1.17832E-07   0.00000E00    0.00000E00    0.00000E00    0.00000E00    0.00000E00    0.00000E00    6.57577E03    3.46876E03    0.00000E00    0.00000E00    2.77242E-03   8.76786E03    0.00000E00    0.00000E00    -7.36367E-04   0.00000E00    0.00000E00    0.00000E00    0.00000E00    0.00000E00    1.98956E03    
10      0        1      0.00000E00    2.50000E-03   0.00000E00    0.00000E00    0.00000E00    0.00000E00    0.00000E00    1.64394E01    1.10033E01    0.00000E00    0.00000E00    2.21349E-07   0.00000E00    0.00000E00    0.00000E00    0.00000E00    0.00000E00    0.00000E00    6.57577E03    3.46876E03    0.00000E00    0.00000E00    2.43056E-03   8.76786E03    0.00000E00    0.00000E00    -1.08720E-04   0.00000E00    0.00000E00    0.00000E00    0.00000E00    0.00000E00    1.98956E03    
11      0        1      0.00000E00    2.75000E-03   0.00000E00    0.00000E00    0.00000E00    0.00000E00    0.00000E00    1.80834E01    1.21036E01    0.00000E00    0.00000E00    6.28641E-08   0.00000E00    0.00000E00    0.00000E00    0.00000E00    0.00000E00    0.00000E00    6.57578E03    3.46876E03    0.00000E00    0.00000E00    1.90191E-03   8.76786E03    0.00000E00    0.00000E00    -1.24720E-03   0.00000E00    0.00000E00    0.00000E00    0.00000E00    0.00000E00    1.98956E03    
12      0        1      0.00000E00    3.00000E-03   0.00000E00    0.00000E00    0.00000E00    0.00000E00    0.00000E00    1.97273E01    1.32040E01    0.00000E00    0.00000E00    1.13967E-07   0.00000E00    0.00000E00    0.00000E00    0.00000E00    0.00000E00    0.00000E00    6.57577E03    3.46876E03    0.00000E00    0.00000E00    -9.63667E-04   8.76787E03    0.00000E00    0.00000E00    -1.84266E-03   0.00000E00    0.00000E00    0.00000E00    0.00000E00    0.00000E00    1.98956E03    
13      0        1      0.00000E00    3.25000E-03   0.00000E00    0.00000E00    0.00000E00    0.00000E00    0.00000E00    2.13713E01    1.43043E01    0.00000E00    0.00000E00    1.07800E-08   0.00000E00    0.00000E00    0.00000E00    0.00000E00    0.00000E00    0.00000E00    6.57578E03    3.46876E03    0.00000E00    0.00000E00    3.00614E-03   8.76786E03    0.00000E00    0.00000E00    -5.41658E-04   0.00000E00    0.00000E00    0.00000E00    0.00000E00    0.00000E00    1.98956E03    
14      0        1      0.00000E00    3.50000E-03   0.00000E00    0.00000E00    0.00000E00    0.00000E00    0.00000E00    2.30152E01    1.54046E01    0.00000E00    0.00000E00    3.75590E-08   0.00000E00    0.00000E00    0.00000E00    0.00000E00    0.00000E00    0.00000E00    6.57577E03    3.46876E03    0.00000E00    0.00000E00    3.42216E-03   8.76786E03    0.00000E00    0.00000E00    -1.73356E-04   0.00000E00    0.00000E00    0.00000E00    0.00000E00    0.00000E00    1.98956E03    
15      0        1      0.00000E00    3.75000E-03   0.00000E00    0.00000E00    0.00000E00    0.00000E00    0.00000E00    2.46592E01    1.65050E01    0.00000E00    0.00000E00    1.80713E-07   0.00000E00    0.00000E00    0.00000E00    0.00000E00    0.00000E00    0.00000E00    6.57577E03    3.46876E03    0.00000E00    0.00000E00    7.73660E-04   8.76786E03    0.00000E00    0.00000E00    -1.89114E-03   0.00000E00    0.00000E00    0.00000E00    0.00000E00    0.00000E00    1.98956E03    
16      0        1      0.00000E00    4.00000E-03   0.00000E00    0.00000E00    0.00000E00    0.00000E00    0.00000E00    2.63031E01    1.76053E01    0.00000E00    0.00000E00    1.61394E-07   0.00000E00    0.00000E00    0.00000E00    0.00000E00    0.00000E00    0.00000E00    6.57577E03    3.46876E03    0.00000E00    0.00000E00    1.94089E-03   8.76786E03    0.00000E00    0.00000E00    7.18126E-04   0.00000E00    0.00000E00    0.00000E00    0.00000E00    0.00000E00    1.98956E03    
17      0        1      0.00000E00    4.25000E-03   0.00000E00    0.00000E00    0.00000E00    0.00000E00    0.00000E00    2.79470E01    1.87056E01    0.00000E00    0.00000E00    2.63461E-07   0.00000E00    0.00000E00    0.00000E00    0.00000E00    0.00000E00    0.00000E00    6.57578E03    3.46876E03    0.00000E00    0.00000E00    1.22197E-03   8.76786E03    0.00000E00    0.00000E00    -1.31440E-03   0.00000E00    0.00000E00    0.00000E00    0.00000E00    0.00000E00    1.98956E03    
18      0        1      0.00000E00    4.50000E-03   0.00000E00    0.00000E00    0.00000E00    0.00000E00    0.00000E00    2.95910E01    1.98060E01    0.00000E00    0.00000E00    2.35665E-07   0.00000E00    0.00000E00    0.00000E00    0.00000E00    0.00000E00    0.00000E00    6.57578E03    3.46876E03    0.00000E00    0.00000E00    -1.20968E-03   8.76786E03    0.00000E00    0.00000E00    -2.23314E-03   0.00000E00    0.00000E00    0.00000E00    0.00000E00    0.00000E00    1.98956E03    
19      0        1      0.00000E00    4.75000E-03   0.00000E00    0.00000E00    0.00000E00    0.00000E00    0.00000E00    3.12349E01    2.09063E01    0.00000E00    0.00000E00    1.65104E-07   0.00000E00    0.00000E00    0.00000E00    0.00000E00    0.00000E00    0.00000E00    6.57577E03    3.46876E03    0.00000E00    0.00000E00    4.76820E-05   8.76786E03    0.00000E00    0.00000E00    6.33677E-05   0.00000E00    0.00000E00    0.00000E00    0.00000E00    0.00000E00    1.98956E03    
20      0        1      0.00000E00    5.00000E-03   0.00000E00    0.00000E00    0.00000E00    0.00000E00    0.00000E00    3.28789E01    2.20066E01    0.00000E00    0.00000E00    4.42698E-07   0.00000E00    0.00000E00    0.00000E00    0.00000E00    0.00000E00    0.00000E00    6.57577E03    3.46876E03    0.00000E00    0.00000E00    6.55037E-04   8.76786E03    0.00000E00    0.00000E00    -1.11522E-03   0.00000E00    0.00000E00    0.00000E00    0.00000E00    0.00000E00    1.98956E03    
21      0        1      0.00000E00    5.25000E-03   0.00000E00    0.00000E00    0.00000E00    0.00000E00    0.00000E00    3.45228E01    2.31069E01    0.00000E00    0.00000E00    2.37784E-08   0.00000E00    0.00000E00    0.00000E00    0.00000E00    0.00000E00    0.00000E00    6.57577E03    3.46876E03    0.00000E00    0.00000E00    2.73964E-04   8.76786E03    0.00000E00    0.00000E00    -2.31844E-03   0.00000E00    0.00000E00    0.00000E00    0.00000E00    0.00000E00    1.98956E03    
22      0        1      0.00000E00    5.50000E-03   0.00000E00    0.00000E00    0.00000E00    0.00000E00    0.00000E00    3.61668E01    2.42073E01    0.00000E00    0.00000E00    1.25728E-07   0.00000E00    0.00000E00    0.00000E00    0.00000E00    0.00000E00    0.00000E00    6.57578E03    3.46876E03    0.00000E00    0.00000E00    1.38480E-03   8.76786E03    0.00000E00    0.00000E00    2.67765E-04   0.00000E00    0.00000E00    0.00000E00    0.00000E00    0.00000E00    1.98956E03    
23      0        1      0.00000E00    5.75000E-03   0.00000E00    0.00000E00    0.00000E00    0.00000E00    0.00000E00    3.78107E01    2.53076E01    0.00000E00    0.00000E00    -4.79609E-08   0.00000E00    0.00000E00    0.00000E00    0.00000E00    0.00000E00    0.00000E00    6.57578E03    3.46876E03    0.00000E00    0.00000E00    3.50333E-04   8.76786E03    0.00000E00    0.00000E00    -2.42373E-03   0.00000E00    0.00000E00    0.00000E00    0.00000E00    0.00000E00    1.98956E03    
24      0        1      0.00000E00    6.00000E-03   0.00000E00    0.00000E00    0.00000E00    0.00000E00    0.00000E00    3.94547E01    2.64079E01    0.00000E00    0.00000E00    2.27934E-07   0.00000E00    0.00000E00    0.00000E00    0.00000E00    0.00000E00    0.00000E00    6.57578E03    3.46876E03    0.00000E00    0.00000E00    2.50845E-03   8.76786E03    0.00000E00    0.00000E00    -1.27168E-03   0.00000E00    0.00000E00    0.00000E00    0.00000E00    0.00000E00    1.98956E03    
25      0        1      0.00000E00    6.25000E-03   0.00000E00    0.00000E00    0.00000E00    0.00000E00    0.00000E00    4.10986E01    2.75083E01    0.00000E00    0.00000E00    4.95982E-08   0.00000E00    0.00000E00    0.00000E00    0.00000E00    0.00000E00    0.00000E00    6.57577E03    3.46876E03    0.00000E00    0.00000E00    2.70028E-03   8.76786E03    0.00000E00    0.00000E00    -1.30795E-03   0.00000E00    0.00000E00    0.00000E00    0.00000E00    0.00000E00    1.98956E03    
26      0        1      0.00000E00    6.50000E-03   0.00000E00    0.00000E00    0.00000E00    0.00000E00    0.00000E00    4.27425E01    2.86086E01    0.00000E00    0.00000E00    2.15599E-08   0.00000E00    0.00000E00    0.00000E00    0.00000E00    0.00000E00    0.00000E00    6.57577E03    3.46876E03    0.00000E00    0.00000E00    -5.22930E-04   8.76786E03    0.00000E00    0.00000E00    -1.68094E-03   0.00000E00    0.00000E00    0.00000E00    0.00000E00    0.00000E00    1.98956E03    
27      0        1      0.00000E00    6.75000E-03   0.00000E00    0.00000E00    0.00000E00    0.00000E00    0.00000E00    4.43865E01    2.97089E01    0.00000E00    0.00000E00    1.18437E-07   0.00000E00    0.00000E00    0.00000E00    0.00000E00    0.00000E00    0.00000E00    6.57577E03    3.46876E03    0.00000E00    0.00000E00    1.98604E-03   8.76786E03    0.00000E00    0.00000E00    -2.15739E-03   0.00000E00    0.00000E00    0.00000E00    0.00000E00    0.00000E00    1.98956E03    
28      0        1      0.00000E00    7.00000E-03   0.00000E00    0.00000E00    0.00000E00    0.00000E00    0.00000E00    4.60304E01    3.08093E01    0.00000E00    0.00000E00    7.51177E-08   0.00000E00    0.00000E00    0.00000E00    0.00000E00    0.00000E00    0.00000E00    6.57578E03    3.46876E03    0.00000E00    0.00000E00    9.24081E-04   8.76786E03    0.00000E00    0.00000E00    -9.90053E-04   0.00000E00    0.00000E00    0.00000E00    0.00000E00    0.00000E00    1.98956E03    
29      0        1      0.00000E00    7.25000E-03   0.00000E00    0.00000E00    0.00000E00    0.00000E00    0.00000E00    4.76744E01    3.19096E01    0.00000E00    0.00000E00    4.93518E-07   0.00000E00    0.00000E00    0.00000E00    0.00000E00    0.00000E00    0.00000E00    6.57577E03    3.46876E03    0.00000E00    0.00000E00    9.38400E-04   8.76787E03    0.00000E00    0.00000E00    -7.15613E-04   0.00000E00    0.00000E00    0.00000E00    0.00000E00    0.00000E00    1.98956E03    
30      0        1      0.00000E00    7.50000E-03   0.00000E00    0.00000E00    0.00000E00    0.00000E00    0.00000E00    4.93183E01    3.30099E01    0.00000E00    0.00000E00    3.61425E-07   0.00000E00    0.00000E00    0.00000E00    0.00000E00    0.00000E00    0.00000E00    6.57578E03    3.46876E03    0.00000E00    0.00000E00    3.34326E-03   8.76786E03    0.00000E00    0.00000E00    -1.80037E-03   0.00000E00    0.00000E00    0.00000E00    0.00000E00    0.00000E00    1.98956E03    
31      0        1      0.00000E00    7.75000E-03   0.00000E00    0.00000E00    0.00000E00    0.00000E00    0.00000E00    5.09623E01    3.41103E01    0.00000E00    0.00000E00    2.00137E-07   0.00000E00    0.00000E00    0.00000E00    0.00000E00    0.00000E00    0.00000E00    6.57577E03    3.46876E03    0.00000E00    0.00000E00    6.20479E-04   8.76786E03    0.00000E00    0.00000E00    -3.14472E-04   0.00000E00    0.00000E00    0.00000E00    0.00000E00    0.00000E00    1.98956E03    
32      0        1      0.00000E00    8.00000E-03   0.00000E00    0.00000E00    0.00000E00    0.00000E00    0.00000E00    5.26062E01    3.52106E01    0.00000E00    0.00000E00    3.22789E-07   0.00000E00    0.00000E00    0.00000E00    0.00000E00    0.00000E00    0.00000E00    6.57577E03    3.46876E03    0.00000E00    0.00000E00    -1.48738E-03   8.76786E03    0.00000E00    0.00000E00    -1.05243E-03   0.00000E00    0.00000E00    0.00000E00    0.00000E00    0.00000E00    1.98956E03    
33      0        1      0.00000E00    8.25000E-03   0.00000E00    0.00000E00    0.00000E00    0.00000E00    0.00000E00    5.42502E01    3.63109E01    0.00000E00    0.00000E00    2.09949E-07   0.00000E00    0.00000E00    0.00000E00    0.00000E00    0.00000E00    0.00000E00    6.57577E03    3.46876E03    0.00000E00    0.00000E00    3.04327E-03   8.76786E03    0.00000E00    0.00000E00    -1.34037E-03   0.00000E00    0.00000E00    0.00000E00    0.00000E00    0.00000E00    1.98956E03    
34      0        1      0.00000E00    8.50000E-03   0.00000E00    0.00000E00    0.00000E00    0.00000E00    0.00000E00    5.58941E01    3.74112E01    0.00000E00    0.00000E00    5.26921E-07   0.00000E00    0.00000E00    0.00000E00    0.00000E00    0.00000E00    0.00000E00    6.57577E03    3.46876E03    0.00000E00    0.00000E00    2.24806E-03   8.76786E03    0.00000E00    0.00000E00    -1.38933E-03   0.00000E00    0.00000E00    0.00000E00    0.00000E00    0.00000E00    1.98956E03    
35      0        1      0.00000E00    8.75000E-03   0.00000E00    0.00000E00    0.00000E00    0.00000E00    0.00000E00    5.75380E01    3.85116E01    0.00000E00    0.00000E00    3.87963E-07   0.00000E00    0.00000E00    0.00000E00    0.00000E00    0.00000E00    0.00000E00    6.57577E03    3.46876E03    0.00000E00    0.00000E00    -1.41219E-03   8.76786E03    0.00000E00    0.00000E00    -4.23479E-04   0.00000E00    0.00000E00    0.00000E00    0.00000E00    0.00000E00    1.98956E03    
36      0        1      0.00000E00    9.00000E-03   0.00000E00    0.00000E00    0.00000E00    0.00000E00    0.00000E00    5.91820E01    3.96119E01    0.00000E00    0.00000E00    4.71329E-07   0.00000E00    0.00000E00    0.00000E00    0.00000E00    0.00000E00    0.00000E00    6.57577E03    3.46876E03    0.00000E00    0.00000E00    4.08052E-06   8.76787E03    0.00000E00    0.00000E00    -1.22962E-03   0.00000E00    0.00000E00    0.00000E00    0.00000E00    0.00000E00    1.98956E03    
37      0        1      0.00000E00    9.25000E-03   0.00000E00    0.00000E00    0.00000E00    0.00000E00    0.00000E00    6.08259E01    4.07122E01    0.00000E00    0.00000E00    4.47485E-07   0.00000E00    0.00000E00    0.00000E00    0.00000E00    0.00000E00    0.00000E00    6.57578E03    3.46876E03    0.00000E00    0.00000E00    -1.41605E-04   8.76786E03    0.00000E00    0.00000E00    -2.36060E-03   0.00000E00    0.00000E00    0.00000E00    0.00000E00    0.00000E00    1.98956E03    
38      0        1      0.00000E00    9.50000E-03   0.00000E00    0.00000E00    0.00000E00    0.00000E00    0.00000E00    6.24699E01    4.18126E01    0.00000E00    0.00000E00    3.30208E-07   0.00000E00    0.00000E00    0.00000E00    0.00000E00    0.00000E00    0.00000E00    6.57577E03    3.46876E03    0.00000E00    0.00000E00    2.53626E-03   8.76786E03    0.00000E00    0.00000E00    -3.41819E-03   0.00000E00    0.00000E00    0.00000E00    0.00000E00    0.00000E00    1.98956E03    
39      0        1      0.00000E00    9.75000E-03   0.00000E00    0.00000E00    0.00000E00    0.00000E00    0.00000E00    6.41138E01    4.29129E01    0.00000E00    0.00000E00    9.68716E-08   0.00000E00    0.00000E00    0.00000E00    0.00000E00    0.00000E00    0.00000E00    6.57578E03    3.46876E03    0.00000E00    0.00000E00    1.01753E-04   8.76786E03    0.00000E00    0.00000E00    -2.00688E-03   0.00000E00    0.00000E00    0.00000E00    0.00000E00    0.00000E00    1.98956E03    
40      0        1      0.00000E00    1.00000E-02   0.00000E00    0.00000E00    0.00000E00    0.00000E00    0.00000E00    6.57578E01    4.40132E01    0.00000E00    0.00000E00    8.85396E-07   0.00000E00    0.00000E00    0.00000E00    0.00000E00    0.00000E00    0.00000E00    6.57577E03    3.46876E03    0.00000E00    0.00000E00    6.53225E-04   8.76787E03    0.00000E00    0.00000E00    -2.09069E-03   0.00000E00    0.00000E00    0.00000E00    0.00000E00    0.00000E00    1.98956E03    
41      0        1      0.00000E00    1.02500E-02   0.00000E00    0.00000E00    0.00000E00    0.00000E00    0.00000E00    6.74017E01    4.51136E01    0.00000E00    0.00000E00    2.34872E-07   0.00000E00    0.00000E00    0.00000E00    0.00000E00    0.00000E00    0.00000E00    6.57577E03    3.46876E03    0.00000E00    0.00000E00    2.07152E-03   8.76786E03    0.00000E00    0.00000E00    -1.34690E-03   0.00000E00    0.00000E00    0.00000E00    0.00000E00    0.00000E00    1.98956E03    